июн. 29, 2023 1:32:43 PM ex2 bubbleSort
INFO: [14, 20, 3, 3, 18, 19, 19, 11, 9, 20, 10, 1, 9, 9, 2, 11, 18, 0, 3, 20]
июн. 29, 2023 1:32:44 PM ex2 bubbleSort
INFO: [14, 3, 3, 18, 19, 19, 11, 9, 20, 10, 1, 9, 9, 2, 11, 18, 0, 3, 20, 20]
июн. 29, 2023 1:32:44 PM ex2 bubbleSort
INFO: [3, 3, 14, 18, 19, 11, 9, 19, 10, 1, 9, 9, 2, 11, 18, 0, 3, 20, 20, 20]
июн. 29, 2023 1:32:44 PM ex2 bubbleSort
INFO: [3, 3, 14, 18, 11, 9, 19, 10, 1, 9, 9, 2, 11, 18, 0, 3, 19, 20, 20, 20]
июн. 29, 2023 1:32:44 PM ex2 bubbleSort
INFO: [3, 3, 14, 11, 9, 18, 10, 1, 9, 9, 2, 11, 18, 0, 3, 19, 19, 20, 20, 20]
июн. 29, 2023 1:32:44 PM ex2 bubbleSort
INFO: [3, 3, 11, 9, 14, 10, 1, 9, 9, 2, 11, 18, 0, 3, 18, 19, 19, 20, 20, 20]
июн. 29, 2023 1:32:44 PM ex2 bubbleSort
INFO: [3, 3, 9, 11, 10, 1, 9, 9, 2, 11, 14, 0, 3, 18, 18, 19, 19, 20, 20, 20]
июн. 29, 2023 1:32:44 PM ex2 bubbleSort
INFO: [3, 3, 9, 10, 1, 9, 9, 2, 11, 11, 0, 3, 14, 18, 18, 19, 19, 20, 20, 20]
июн. 29, 2023 1:32:44 PM ex2 bubbleSort
INFO: [3, 3, 9, 1, 9, 9, 2, 10, 11, 0, 3, 11, 14, 18, 18, 19, 19, 20, 20, 20]
июн. 29, 2023 1:32:44 PM ex2 bubbleSort
INFO: [3, 3, 1, 9, 9, 2, 9, 10, 0, 3, 11, 11, 14, 18, 18, 19, 19, 20, 20, 20]
июн. 29, 2023 1:32:44 PM ex2 bubbleSort
INFO: [3, 1, 3, 9, 2, 9, 9, 0, 3, 10, 11, 11, 14, 18, 18, 19, 19, 20, 20, 20]
июн. 29, 2023 1:32:44 PM ex2 bubbleSort
INFO: [1, 3, 3, 2, 9, 9, 0, 3, 9, 10, 11, 11, 14, 18, 18, 19, 19, 20, 20, 20]
июн. 29, 2023 1:32:44 PM ex2 bubbleSort
INFO: [1, 3, 2, 3, 9, 0, 3, 9, 9, 10, 11, 11, 14, 18, 18, 19, 19, 20, 20, 20]
июн. 29, 2023 1:32:44 PM ex2 bubbleSort
INFO: [1, 2, 3, 3, 0, 3, 9, 9, 9, 10, 11, 11, 14, 18, 18, 19, 19, 20, 20, 20]
июн. 29, 2023 1:32:44 PM ex2 bubbleSort
INFO: [1, 2, 3, 0, 3, 3, 9, 9, 9, 10, 11, 11, 14, 18, 18, 19, 19, 20, 20, 20]
июн. 29, 2023 1:32:44 PM ex2 bubbleSort
INFO: [1, 2, 0, 3, 3, 3, 9, 9, 9, 10, 11, 11, 14, 18, 18, 19, 19, 20, 20, 20]
июн. 29, 2023 1:32:44 PM ex2 bubbleSort
INFO: [1, 0, 2, 3, 3, 3, 9, 9, 9, 10, 11, 11, 14, 18, 18, 19, 19, 20, 20, 20]
июн. 29, 2023 1:32:44 PM ex2 bubbleSort
INFO: [0, 1, 2, 3, 3, 3, 9, 9, 9, 10, 11, 11, 14, 18, 18, 19, 19, 20, 20, 20]
июн. 29, 2023 1:32:44 PM ex2 bubbleSort
INFO: [0, 1, 2, 3, 3, 3, 9, 9, 9, 10, 11, 11, 14, 18, 18, 19, 19, 20, 20, 20]
